%Mat Object: A 1 MPI process
%  type: seqaij
% Size = 56 56 
% Nonzeros = 376 
zzz = zeros(376,3);
zzz = [
1 1  1.0000000000000000e+00
1 2  -1.0416666666666668e-02
1 21  0.0000000000000000e+00
1 25  0.0000000000000000e+00
1 41  -6.2500000000000000e-02
2 1  -1.0416666666666668e-02
2 2  4.1666666666666671e-02
2 3  -1.0416666666666668e-02
2 21  0.0000000000000000e+00
2 22  0.0000000000000000e+00
2 25  0.0000000000000000e+00
2 26  0.0000000000000000e+00
2 41  -6.2500000000000000e-02
2 42  -6.2500000000000000e-02
3 2  -1.0416666666666668e-02
3 3  4.1666666666666671e-02
3 4  -1.0416666666666668e-02
3 22  0.0000000000000000e+00
3 23  0.0000000000000000e+00
3 26  0.0000000000000000e+00
3 27  0.0000000000000000e+00
3 42  -6.2500000000000000e-02
3 43  -6.2500000000000000e-02
4 3  -1.0416666666666668e-02
4 4  4.1666666666666671e-02
4 5  -1.0416666666666668e-02
4 23  0.0000000000000000e+00
4 24  0.0000000000000000e+00
4 27  0.0000000000000000e+00
4 28  0.0000000000000000e+00
4 43  -6.2500000000000000e-02
4 44  -6.2500000000000000e-02
5 4  -1.0416666666666668e-02
5 5  1.0000000000000000e+00
5 24  0.0000000000000000e+00
5 28  0.0000000000000000e+00
5 44  -6.2500000000000000e-02
6 6  1.0000000000000000e+00
6 7  -1.0416666666666668e-02
6 25  0.0000000000000000e+00
6 29  0.0000000000000000e+00
6 45  -6.2500000000000000e-02
7 6  -1.0416666666666668e-02
7 7  4.1666666666666671e-02
7 8  -1.0416666666666668e-02
7 25  0.0000000000000000e+00
7 26  0.0000000000000000e+00
7 29  0.0000000000000000e+00
7 30  0.0000000000000000e+00
7 45  -6.2500000000000000e-02
7 46  -6.2500000000000000e-02
8 7  -1.0416666666666668e-02
8 8  4.1666666666666671e-02
8 9  -1.0416666666666668e-02
8 26  0.0000000000000000e+00
8 27  0.0000000000000000e+00
8 30  0.0000000000000000e+00
8 31  0.0000000000000000e+00
8 46  -6.2500000000000000e-02
8 47  -6.2500000000000000e-02
9 8  -1.0416666666666668e-02
9 9  4.1666666666666671e-02
9 10  -1.0416666666666668e-02
9 27  0.0000000000000000e+00
9 28  0.0000000000000000e+00
9 31  0.0000000000000000e+00
9 32  0.0000000000000000e+00
9 47  -6.2500000000000000e-02
9 48  -6.2500000000000000e-02
10 9  -1.0416666666666668e-02
10 10  1.0000000000000000e+00
10 28  0.0000000000000000e+00
10 32  0.0000000000000000e+00
10 48  -6.2500000000000000e-02
11 11  1.0000000000000000e+00
11 12  -1.0416666666666668e-02
11 29  0.0000000000000000e+00
11 33  0.0000000000000000e+00
11 49  -6.2500000000000000e-02
12 11  -1.0416666666666668e-02
12 12  4.1666666666666671e-02
12 13  -1.0416666666666668e-02
12 29  0.0000000000000000e+00
12 30  0.0000000000000000e+00
12 33  0.0000000000000000e+00
12 34  0.0000000000000000e+00
12 49  -6.2500000000000000e-02
12 50  -6.2500000000000000e-02
13 12  -1.0416666666666668e-02
13 13  4.1666666666666671e-02
13 14  -1.0416666666666668e-02
13 30  0.0000000000000000e+00
13 31  0.0000000000000000e+00
13 34  0.0000000000000000e+00
13 35  0.0000000000000000e+00
13 50  -6.2500000000000000e-02
13 51  -6.2500000000000000e-02
14 13  -1.0416666666666668e-02
14 14  4.1666666666666671e-02
14 15  -1.0416666666666668e-02
14 31  0.0000000000000000e+00
14 32  0.0000000000000000e+00
14 35  0.0000000000000000e+00
14 36  0.0000000000000000e+00
14 51  -6.2500000000000000e-02
14 52  -6.2500000000000000e-02
15 14  -1.0416666666666668e-02
15 15  1.0000000000000000e+00
15 32  0.0000000000000000e+00
15 36  0.0000000000000000e+00
15 52  -6.2500000000000000e-02
16 16  1.0000000000000000e+00
16 17  -1.0416666666666668e-02
16 33  0.0000000000000000e+00
16 37  0.0000000000000000e+00
16 53  -6.2500000000000000e-02
17 16  -1.0416666666666668e-02
17 17  4.1666666666666671e-02
17 18  -1.0416666666666668e-02
17 33  0.0000000000000000e+00
17 34  0.0000000000000000e+00
17 37  0.0000000000000000e+00
17 38  0.0000000000000000e+00
17 53  -6.2500000000000000e-02
17 54  -6.2500000000000000e-02
18 17  -1.0416666666666668e-02
18 18  4.1666666666666671e-02
18 19  -1.0416666666666668e-02
18 34  0.0000000000000000e+00
18 35  0.0000000000000000e+00
18 38  0.0000000000000000e+00
18 39  0.0000000000000000e+00
18 54  -6.2500000000000000e-02
18 55  -6.2500000000000000e-02
19 18  -1.0416666666666668e-02
19 19  4.1666666666666671e-02
19 20  -1.0416666666666668e-02
19 35  0.0000000000000000e+00
19 36  0.0000000000000000e+00
19 39  0.0000000000000000e+00
19 40  0.0000000000000000e+00
19 55  -6.2500000000000000e-02
19 56  -6.2500000000000000e-02
20 19  -1.0416666666666668e-02
20 20  1.0000000000000000e+00
20 36  0.0000000000000000e+00
20 40  0.0000000000000000e+00
20 56  -6.2500000000000000e-02
21 1  0.0000000000000000e+00
21 2  0.0000000000000000e+00
21 21  1.0000000000000000e+00
21 25  -1.0416666666666666e-02
21 41  -6.2500000000000000e-02
22 2  0.0000000000000000e+00
22 3  0.0000000000000000e+00
22 22  1.0000000000000000e+00
22 26  -1.0416666666666666e-02
22 42  -6.2500000000000000e-02
23 3  0.0000000000000000e+00
23 4  0.0000000000000000e+00
23 23  1.0000000000000000e+00
23 27  -1.0416666666666666e-02
23 43  -6.2500000000000000e-02
24 4  0.0000000000000000e+00
24 5  0.0000000000000000e+00
24 24  1.0000000000000000e+00
24 28  -1.0416666666666666e-02
24 44  -6.2500000000000000e-02
25 1  0.0000000000000000e+00
25 2  0.0000000000000000e+00
25 6  0.0000000000000000e+00
25 7  0.0000000000000000e+00
25 21  -1.0416666666666666e-02
25 25  4.1666666666666671e-02
25 29  -1.0416666666666666e-02
25 41  -6.2500000000000000e-02
25 45  -6.2500000000000000e-02
26 2  0.0000000000000000e+00
26 3  0.0000000000000000e+00
26 7  0.0000000000000000e+00
26 8  0.0000000000000000e+00
26 22  -1.0416666666666666e-02
26 26  4.1666666666666671e-02
26 30  -1.0416666666666666e-02
26 42  -6.2500000000000000e-02
26 46  -6.2500000000000000e-02
27 3  0.0000000000000000e+00
27 4  0.0000000000000000e+00
27 8  0.0000000000000000e+00
27 9  0.0000000000000000e+00
27 23  -1.0416666666666666e-02
27 27  4.1666666666666671e-02
27 31  -1.0416666666666666e-02
27 43  -6.2500000000000000e-02
27 47  -6.2500000000000000e-02
28 4  0.0000000000000000e+00
28 5  0.0000000000000000e+00
28 9  0.0000000000000000e+00
28 10  0.0000000000000000e+00
28 24  -1.0416666666666666e-02
28 28  4.1666666666666671e-02
28 32  -1.0416666666666666e-02
28 44  -6.2500000000000000e-02
28 48  -6.2500000000000000e-02
29 6  0.0000000000000000e+00
29 7  0.0000000000000000e+00
29 11  0.0000000000000000e+00
29 12  0.0000000000000000e+00
29 25  -1.0416666666666666e-02
29 29  4.1666666666666671e-02
29 33  -1.0416666666666666e-02
29 45  -6.2500000000000000e-02
29 49  -6.2500000000000000e-02
30 7  0.0000000000000000e+00
30 8  0.0000000000000000e+00
30 12  0.0000000000000000e+00
30 13  0.0000000000000000e+00
30 26  -1.0416666666666666e-02
30 30  4.1666666666666671e-02
30 34  -1.0416666666666666e-02
30 46  -6.2500000000000000e-02
30 50  -6.2500000000000000e-02
31 8  0.0000000000000000e+00
31 9  0.0000000000000000e+00
31 13  0.0000000000000000e+00
31 14  0.0000000000000000e+00
31 27  -1.0416666666666666e-02
31 31  4.1666666666666671e-02
31 35  -1.0416666666666666e-02
31 47  -6.2500000000000000e-02
31 51  -6.2500000000000000e-02
32 9  0.0000000000000000e+00
32 10  0.0000000000000000e+00
32 14  0.0000000000000000e+00
32 15  0.0000000000000000e+00
32 28  -1.0416666666666666e-02
32 32  4.1666666666666671e-02
32 36  -1.0416666666666666e-02
32 48  -6.2500000000000000e-02
32 52  -6.2500000000000000e-02
33 11  0.0000000000000000e+00
33 12  0.0000000000000000e+00
33 16  0.0000000000000000e+00
33 17  0.0000000000000000e+00
33 29  -1.0416666666666666e-02
33 33  4.1666666666666671e-02
33 37  -1.0416666666666666e-02
33 49  -6.2500000000000000e-02
33 53  -6.2500000000000000e-02
34 12  0.0000000000000000e+00
34 13  0.0000000000000000e+00
34 17  0.0000000000000000e+00
34 18  0.0000000000000000e+00
34 30  -1.0416666666666666e-02
34 34  4.1666666666666671e-02
34 38  -1.0416666666666666e-02
34 50  -6.2500000000000000e-02
34 54  -6.2500000000000000e-02
35 13  0.0000000000000000e+00
35 14  0.0000000000000000e+00
35 18  0.0000000000000000e+00
35 19  0.0000000000000000e+00
35 31  -1.0416666666666666e-02
