%Vec Object: x 1 MPI process
%  type: seq
x = [
2.0073716477367821e-02
4.7992590962902310e-01
3.1079461199429448e-01
4.7992666574239395e-01
2.0074139854909523e-02
3.6181936885070162e-03
2.0566215625053016e-01
2.9433958396612786e-01
2.0565995152396349e-01
3.6176350621892591e-03
3.6177023486066813e-03
2.0565811550814939e-01
2.9433949372506246e-01
2.0566299761750267e-01
3.6180406505100567e-03
2.0074256768068038e-02
4.7992659932015697e-01
3.1079637826553080e-01
4.7992811539067115e-01
2.0073634551410861e-02
2.0073716477367821e-02
3.6181936885070097e-03
3.6177023486066808e-03
2.0074256768068031e-02
4.7992590962902293e-01
2.0566215625052994e-01
2.0565811550814947e-01
4.7992659932015685e-01
3.1079461199429442e-01
2.9433958396612775e-01
2.9433949372506230e-01
3.1079637826553069e-01
4.7992666574239390e-01
2.0565995152396341e-01
2.0566299761750267e-01
4.7992811539067098e-01
2.0074139854909530e-02
3.6176350621892599e-03
3.6180406505100550e-03
2.0073634551410858e-02
2.4119181203304779e-01
2.3614072974357161e-02
2.3606884993015421e-02
2.4120034173572899e-01
2.3614072974357192e-02
6.3834401583557049e-02
6.3838992666806010e-02
2.3605618638775857e-02
2.3606884993015380e-02
6.3838992666806052e-02
6.3835222162282365e-02
2.3613968119302414e-02
2.4120034173572907e-01
2.3605618638775826e-02
2.3613968119302414e-02
2.4119046087449317e-01
];
